name: traffic
channels:
  - conda-forge
  - defaults
dependencies:
  - _libgcc_mutex=0.1=main
  - backcall=0.1.0=py38_0
  - blas=1.0=openblas
  - bzip2=1.0.8=h516909a_2
  - ca-certificates=2020.1.1=0
  - certifi=2019.11.28=py38_1
  - cffi=1.14.0=py38hd463f26_0
  - chardet=3.0.4=py38h32f6830_1006
  - cryptography=2.8=py38h766eaa4_2
  - decorator=4.4.2=py_0
  - ffmpeg=4.2=h167e202_0
  - freetype=2.9.1=h8a8886c_1
  - gmp=6.2.0=he1b5a44_2
  - gnutls=3.6.5=hd3a4fd2_1002
  - idna=2.9=py_1
  - imageio=2.8.0=py_0
  - imageio-ffmpeg=0.4.1=py_0
  - ipython=7.13.0=py38h5ca1d4c_0
  - ipython_genutils=0.2.0=py38_0
  - jedi=0.16.0=py38_1
  - jpeg=9b=h024ee3a_2
  - lame=3.100=h14c3975_1001
  - ld_impl_linux-64=2.33.1=h53a641e_7
  - libblas=3.8.0=14_openblas
  - libcblas=3.8.0=14_openblas
  - libedit=3.1.20181209=hc058e9b_0
  - libffi=3.2.1=hd88cf55_4
  - libgcc-ng=9.1.0=hdf63c60_0
  - libgfortran-ng=7.3.0=hdf63c60_5
  - libiconv=1.15=h516909a_1006
  - liblapack=3.8.0=14_openblas
  - libopenblas=0.3.7=h5ec1e0e_6
  - libpng=1.6.37=hbc83047_0
  - libstdcxx-ng=9.1.0=hdf63c60_0
  - libtiff=4.1.0=h2733197_0
  - moviepy=1.0.1=py_0
  - ncurses=6.2=he6710b0_0
  - nettle=3.4.1=h1bed415_1002
  - numpy=1.18.1=py38h94c655d_0
  - numpy-base=1.18.1=py38h2f8d375_1
  - olefile=0.46=py_0
  - openh264=1.8.0=hdbcaa40_1000
  - openssl=1.1.1f=h7b6447c_0
  - parso=0.6.2=py_0
  - pexpect=4.8.0=py38_0
  - pickleshare=0.7.5=py38_1000
  - pillow=7.0.0=py38hb39fc2d_0
  - pip=20.0.2=py38_1
  - proglog=0.1.9=py_0
  - prompt-toolkit=3.0.4=py_0
  - prompt_toolkit=3.0.4=0
  - ptyprocess=0.6.0=py38_0
  - pycparser=2.20=py_0
  - pygments=2.6.1=py_0
  - pyopenssl=19.1.0=py_1
  - pysocks=1.7.1=py38h32f6830_1
  - python=3.8.2=hcf32534_0
  - python_abi=3.8=1_cp38
  - readline=8.0=h7b6447c_0
  - requests=2.23.0=pyh8c360ce_2
  - setuptools=46.1.3=py38_0
  - six=1.14.0=py_1
  - sqlite=3.31.1=h7b6447c_0
  - tk=8.6.8=hbc83047_0
  - tqdm=4.45.0=pyh9f0ad1d_0
  - traitlets=4.3.3=py38_0
  - wcwidth=0.1.9=py_0
  - wheel=0.34.2=py38_0
  - x264=1!152.20180806=h14c3975_0
  - xz=5.2.4=h14c3975_4
  - zlib=1.2.11=h7b6447c_3
  - zstd=1.3.7=h0b5b093_0
  - pip:
    - pytz==2019.3
    - selenium==3.141.0
    - urllib3==1.25.8
prefix: /home/srm/anaconda3/envs/traffic

